battery
-0.05 0.2
-2.105237 -0.035591 1.609302 -2.392131
coke_can
-0.05 0.2
-2.105237 -0.035591 1.609302 -2.392131
glue
-0.05 0.2
-2.392131 -0.035591 1.609302 -2.392131
pair_of_wheels_package
-0.05 0.2
-2.105237 -0.035591 1.609302 -2.392131
eyfi_board
-0.05 0.2
-2.105237 -0.035591 1.609302 -2.392131
fpga_board
-0.05 0.2
-2.105237 -0.035591 1.609302 -2.392131
glass
-0.05 0.2
-2.105237 -0.035591 1.609302 -2.392131
adhesive
-0.05 0.2
-2.392131 -0.035591 1.609302 -2.392131
done
-0.05 0.2
-2.392131 -0.035591 1.609302 -2.392131
dropbox
